5 -4995 -26973 485514 4.36963e+06
5.002 -5048.09 -26008.8 476757 -4.36963e+06
5.00401 -5099.26 -25062.1 468000 -4.36963e+06
5.00601 -5148.55 -24133 459244 -4.36963e+06
5.00802 -5195.99 -23221.5 450487 -4.36963e+06
5.01002 -5241.63 -22327.5 441730 -4.36963e+06
5.01202 -5285.49 -21451 432973 -4.36963e+06
5.01403 -5327.62 -20592.1 424217 -4.36963e+06
5.01603 -5368.04 -19750.8 415460 -4.36963e+06
5.01804 -5406.79 -18927 406703 -4.36963e+06
5.02004 -5443.91 -18120.7 397946 -4.36963e+06
5.02204 -5479.43 -17332 389190 -4.36963e+06
5.02405 -5513.39 -16560.8 380433 -4.36963e+06
5.02605 -5545.82 -15807.2 371676 -4.36963e+06
5.02806 -5576.76 -15071.1 362919 -4.36963e+06
5.03006 -5606.24 -14352.6 354163 -4.36963e+06
5.03206 -5634.29 -13651.6 345406 -4.36963e+06
5.03407 -5660.96 -12968.2 336649 -4.36963e+06
5.03607 -5686.28 -12302.3 327892 -4.36963e+06
5.03808 -5710.28 -11654 319135 -4.36963e+06
5.04008 -5733 -11023.2 310379 -4.36963e+06
5.04208 -5754.48 -10410 301622 -4.36963e+06
5.04409 -5774.74 -9814.34 292865 -4.36963e+06
5.04609 -5793.82 -9236.21 284108 -4.36963e+06
5.0481 -5811.77 -8675.63 275352 -4.36963e+06
5.0501 -5828.61 -8132.6 266595 -4.36963e+06
5.0521 -5844.38 -7607.11 257838 -4.36963e+06
5.05411 -5859.11 -7099.18 249081 -4.36963e+06
5.05611 -5872.84 -6608.79 240325 -4.36963e+06
5.05812 -5885.61 -6135.95 231568 -4.36963e+06
5.06012 -5897.45 -5680.66 222811 -4.36963e+06
5.06212 -5908.39 -5242.92 214054 -4.36963e+06
5.06413 -5918.47 -4822.73 205298 -4.36963e+06
5.06613 -5927.73 -4420.09 196541 -4.36963e+06
5.06814 -5936.2 -4034.99 187784 -4.36963e+06
5.07014 -5943.91 -3667.45 179027 -4.36963e+06
5.07214 -5950.91 -3317.45 170270 -4.36963e+06
5.07415 -5957.22 -2985 161514 -4.36963e+06
5.07615 -5962.89 -2670.1 152757 -4.36963e+06
5.07816 -5967.94 -2372.75 144000 -4.36963e+06
5.08016 -5972.41 -2092.94 135243 -4.36963e+06
5.08216 -5976.34 -1830.69 126487 -4.36963e+06
5.08417 -5979.76 -1585.98 117730 -4.36963e+06
5.08617 -5982.7 -1358.83 108973 -4.36963e+06
5.08818 -5985.21 -1149.22 100216 -4.36963e+06
5.09018 -5987.32 -957.159 91459.6 -4.36963e+06
5.09218 -5989.06 -782.647 82702.8 -4.36963e+06
5.09419 -5990.47 -625.684 73946 -4.36963e+06
5.09619 -5991.58 -486.27 65189.3 -4.36963e+06
5.0982 -5992.43 -364.405 56432.5 -4.36963e+06
5.1002 -5993.05 -260.088 47675.7 -4.36963e+06
5.1022 -5993.49 -173.32 38919 -4.36963e+06
5.10421 -5993.76 -104.1 30162.2 -4.36963e+06
5.10621 -5993.91 -52.4292 21405.4 -4.36963e+06
5.10822 -5993.98 -18.3069 12648.7 -4.36963e+06
5.11022 -5994 -1.7332 3891.9 -4.36963e+06
5.11222 -5994 -2.27842e-10 4.55748e-09 0
5.11423 -5994 -2.26841e-10 4.45652e-09 0
5.11623 -5994 -2.23331e-10 4.43106e-09 0
5.11824 -5994 -2.1808e-10 4.44925e-09 0
5.12024 -5994 -2.12282e-10 4.40195e-09 0
5.12224 -5994 -1.94575e-10 4.38013e-09 0
5.12425 -5994 -1.88095e-10 4.46016e-09 0
5.12625 -5994 -1.73827e-10 4.48199e-09 0
5.12826 -5994 -1.74623e-10 4.51109e-09 0
5.13026 -5994 -1.52568e-10 4.38013e-09 0
5.13226 -5994 -1.53705e-10 4.36557e-09 0
5.13427 -5994 -1.45747e-10 4.24916e-09 0
5.13627 -5994 -1.37106e-10 4.40923e-09 0
5.13828 -5994 -1.16643e-10 4.45289e-09 0
5.14028 -5994 -1.14824e-10 4.30737e-09 0
5.14228 -5994 -1.19144e-10 4.45289e-09 0
5.14429 -5994 -9.1859e-11 4.33647e-09 0
5.14629 -5994 -9.64064e-11 4.33647e-09 0
5.1483 -5994 -9.14042e-11 4.39468e-09 0
5.1503 -5994 -7.27596e-11 4.45289e-09 0
5.1523 -5994 -6.09361e-11 4.39468e-09 0
5.15431 -5994 -4.91127e-11 4.39468e-09 0
5.15631 -5994 -4.36557e-11 4.36557e-09 0
5.15832 -5994 -3.18323e-11 4.30737e-09 0
5.16032 -5994 -2.72848e-11 4.39468e-09 0
5.16232 -5994 -1.36424e-11 4.30737e-09 0
5.16433 -5994 -2.45564e-11 4.33647e-09 0
5.16633 -5994 -1.00044e-11 4.36557e-09 0
5.16834 -5994 1.09139e-11 4.36557e-09 0
5.17034 -5994 1.45519e-11 4.33647e-09 0
5.17234 -5994 2.36469e-11 4.42378e-09 0
5.17435 -5994 3.27418e-11 4.36557e-09 0
5.17635 -5994 3.45608e-11 4.36557e-09 0
5.17836 -5994 5.09317e-11 4.36557e-09 0
5.18036 -5994 5.09317e-11 4.36557e-09 0
5.18236 -5994 6.73026e-11 4.36557e-09 0
5.18437 -5994 8.54925e-11 4.36557e-09 0
5.18637 -5994 8.73115e-11 4.36557e-09 0
5.18838 -5994 1.01863e-10 4.36557e-09 0
5.19038 -5994 1.09139e-10 4.36557e-09 0
5.19238 -5994 1.14596e-10 4.36557e-09 0
5.19439 -5994 1.23691e-10 4.48199e-09 0
5.19639 -5994 1.32786e-10 4.36557e-09 0
5.1984 -5994 1.45519e-10 4.30737e-09 0
5.2004 -5994 1.41881e-10 4.42378e-09 0
5.2024 -5994 1.56433e-10 4.36557e-09 0
5.20441 -5994 1.60071e-10 4.36557e-09 0
5.20641 -5994 1.81899e-10 4.5402e-09 0
5.20842 -5994 1.85537e-10 4.48199e-09 0
5.21042 -5994 1.92813e-10 4.42378e-09 0
5.21242 -5994 2.00089e-10 4.42378e-09 0
5.21443 -5994 2.14641e-10 4.42378e-09 0
5.21643 -5994 2.11003e-10 4.5402e-09 0
5.21844 -5994 2.32831e-10 4.5402e-09 0
5.22044 -5994 2.32831e-10 4.42378e-09 0
5.22244 -5994 1.87856e-10 -3.22098e-09 0
5.22445 -5994 1.85031e-10 -3.24508e-09 0
5.22645 -5994 1.83626e-10 -3.3433e-09 0
5.22846 -5994 1.64576e-10 -3.21597e-09 0
5.23046 -5994 1.57769e-10 -3.17959e-09 0
5.23246 -5994 1.50237e-10 -3.33966e-09 0
5.23447 -5994 1.43018e-10 -3.36149e-09 0
5.23647 -5994 1.3614e-10 -3.46336e-09 0
5.23848 -5994 1.37106e-10 -3.20142e-09 0
5.24048 -5994 1.25851e-10 -3.30328e-09 0
5.24248 -5994 1.34605e-10 -3.36149e-09 0
5.24449 -5994 1.14824e-10 -3.34694e-09 0
5.24649 -5994 1.10504e-10 -3.34694e-09 0
5.2485 -5994 9.86802e-11 -3.4488e-09 0
5.2505 -5994 9.41327e-11 -3.4488e-09 0
5.25251 -5994 9.04947e-11 -3.40515e-09 0
5.25451 -5994 7.23048e-11 -3.43425e-09 0
5.25651 -5994 7.41238e-11 -3.40515e-09 0
5.25852 -5994 5.00222e-11 -3.37604e-09 0
5.26052 -5994 6.18456e-11 -3.37604e-09 0
5.26253 -5994 4.22915e-11 -3.43425e-09 0
5.26453 -5994 5.50244e-11 -3.43425e-09 0
5.26653 -5994 4.18368e-11 -3.40515e-09 0
5.26854 -5994 2.63753e-11 -3.37604e-09 0
5.27054 -5994 1.81899e-11 -3.37604e-09 0
5.27255 -5994 2.63753e-11 -3.43425e-09 0
5.27455 -5994 1.27329e-11 -3.37604e-09 0
5.27655 -5994 -1.81899e-12 -3.40515e-09 0
5.27856 -5994 -1.54614e-11 -3.43425e-09 0
5.28056 -5994 -1.36424e-11 -3.40515e-09 0
5.28257 -5994 -1.90994e-11 -3.37604e-09 0
5.28457 -5994 -2.18279e-11 -3.49246e-09 0
5.28657 -5994 -2.72848e-11 -3.43425e-09 0
5.28858 -5994 -4.18368e-11 -3.37604e-09 0
5.29058 -5994 -3.63798e-11 -3.43425e-09 0
5.29259 -5994 -6.00267e-11 -3.31784e-09 0
5.29459 -5994 -6.36646e-11 -3.31784e-09 0
5.29659 -5994 -6.73026e-11 -3.37604e-09 0
5.2986 -5994 -6.91216e-11 -3.37604e-09 0
5.3006 -5994 -8.54925e-11 -3.43425e-09 0
5.30261 -5994 -8.18545e-11 -3.37604e-09 0
5.30461 -5994 -8.36735e-11 -3.43425e-09 0
5.30661 -5994 -9.09495e-11 -3.31784e-09 0
5.30862 -5994 -1.00044e-10 -3.49246e-09 0
5.31062 -5994 -1.09139e-10 -3.37604e-09 0
5.31263 -5994 -1.12777e-10 -3.37604e-09 0
5.31463 -5994 -1.27329e-10 -3.31784e-09 0
5.31663 -5994 -1.27329e-10 -3.25963e-09 0
5.31864 -5994 -1.49157e-10 -3.43425e-09 0
5.32064 -5994 -1.49157e-10 -3.49246e-09 0
5.32265 -5994 -1.49157e-10 -3.37604e-09 0
5.32465 -5994 -1.56433e-10 -3.31784e-09 0
5.32665 -5994 -1.67347e-10 -3.20142e-09 0
5.32866 -5994 -1.74623e-10 -3.31784e-09 0
5.33066 -5994 -1.85537e-10 -3.31784e-09 0
5.33267 -5994 -1.85537e-10 -3.25963e-09 0
5.33467 -5994 -2.34031e-10 4.36285e-09 0
5.33667 -5994 -2.36813e-10 4.39832e-09 0
5.33868 -5994 -2.19302e-10 4.41287e-09 0
5.34068 -5994 -2.15792e-10 4.43106e-09 0
5.34269 -5994 -1.89829e-10 4.46016e-09 0
5.34469 -5994 -1.89345e-10 4.48199e-09 0
5.34669 -5994 -1.84684e-10 4.49654e-09 0
5.3487 -5994 -1.84514e-10 4.46744e-09 0
5.3507 -5994 -1.75646e-10 4.33647e-09 0
5.35271 -5994 -1.4677e-10 4.26371e-09 0
5.35471 -5994 -1.59162e-10 4.38013e-09 0
5.35671 -5994 -1.41654e-10 4.32192e-09 0
5.35872 -5994 -1.42336e-10 4.29281e-09 0
5.36072 -5994 -1.24146e-10 4.45289e-09 0
5.36273 -5994 -1.13005e-10 4.30737e-09 0
5.36473 -5994 -1.14142e-10 4.30737e-09 0
5.36673 -5994 -9.50422e-11 4.36557e-09 0
5.36874 -5994 -7.45786e-11 4.36557e-09 0
5.37074 -5994 -8.36735e-11 4.39468e-09 0
5.37275 -5994 -7.82165e-11 4.27826e-09 0
5.37475 -5994 -5.77529e-11 4.33647e-09 0
5.37675 -5994 -5.09317e-11 4.39468e-09 0
5.37876 -5994 -4.54747e-11 4.39468e-09 0
5.38076 -5994 -3.91083e-11 4.39468e-09 0
5.38277 -5994 -2.45564e-11 4.42378e-09 0
5.38477 -5994 -2.63753e-11 4.42378e-09 0
5.38677 -5994 -3.63798e-12 4.39468e-09 0
5.38878 -5994 -3.63798e-12 4.36557e-09 0
5.39078 -5994 8.18545e-12 4.36557e-09 0
5.39279 -5994 2.09184e-11 4.30737e-09 0
5.39479 -5994 2.54659e-11 4.36557e-09 0
5.39679 -5994 4.00178e-11 4.42378e-09 0
5.3988 -5994 3.81988e-11 4.36557e-09 0
5.4008 -5994 4.54747e-11 4.36557e-09 0
5.40281 -5994 6.00267e-11 4.42378e-09 0
5.40481 -5994 6.54836e-11 4.42378e-09 0
5.40681 -5994 8.36735e-11 4.36557e-09 0
5.40882 -5994 8.18545e-11 4.42378e-09 0
5.41082 -5994 1.03682e-10 4.48199e-09 0
5.41283 -5994 1.10958e-10 4.42378e-09 0
5.41483 -5994 1.16415e-10 4.30737e-09 0
5.41683 -5994 1.21872e-10 4.30737e-09 0
5.41884 -5994 1.38243e-10 4.48199e-09 0
5.42084 -5994 1.45519e-10 4.30737e-09 0
5.42285 -5994 1.56433e-10 4.24916e-09 0
5.42485 -5994 1.49157e-10 4.36557e-09 0
5.42685 -5994 1.63709e-10 4.5402e-09 0
5.42886 -5994 1.67347e-10 4.5402e-09 0
5.43086 -5994 1.81899e-10 4.48199e-09 0
5.43287 -5994 2.00089e-10 4.48199e-09 0
5.43487 -5994 1.92813e-10 4.36557e-09 0
5.43687 -5994 2.11003e-10 4.42378e-09 0
5.43888 -5994 2.21917e-10 4.42378e-09 0
5.44088 -5994 2.32831e-10 4.42378e-09 0
5.44289 -5994 2.32831e-10 4.5402e-09 0
5.44489 -5994 1.89446e-10 -3.39628e-09 0
5.44689 -5994 1.8211e-10 -3.3815e-09 0
5.4489 -5994 1.75319e-10 -3.30692e-09 0
5.4509 -5994 1.69507e-10 -3.32875e-09 0
5.45291 -5994 1.59702e-10 -3.31056e-09 0
5.45491 -5994 1.57115e-10 -3.28146e-09 0
5.45691 -5994 1.51545e-10 -3.25963e-09 0
5.45892 -5994 1.31934e-10 -3.25235e-09 0
5.46092 -5994 1.29035e-10 -3.27418e-09 0
5.46293 -5994 1.24601e-10 -3.34694e-09 0
5.46493 -5994 1.28011e-10 -3.3906e-09 0
5.46693 -5994 1.10049e-10 -3.4197e-09 0
5.46894 -5994 1.14142e-10 -3.47791e-09 0
5.47094 -5994 9.61791e-11 -3.40515e-09 0
5.47295 -5994 1.00727e-10 -3.28873e-09 0
5.47495 -5994 8.41283e-11 -3.43425e-09 0
5.47695 -5994 8.73115e-11 -3.43425e-09 0
5.47896 -5994 7.86713e-11 -3.34694e-09 0
5.48096 -5994 5.54792e-11 -3.40515e-09 0
5.48297 -5994 5.86624e-11 -3.34694e-09 0
5.48497 -5994 4.36557e-11 -3.37604e-09 0
5.48697 -5994 4.63842e-11 -3.37604e-09 0
5.48898 -5994 4.63842e-11 -3.43425e-09 0
5.49098 -5994 3.27418e-11 -3.40515e-09 0
5.49299 -5994 2.00089e-11 -3.37604e-09 0
5.49499 -5994 2.18279e-11 -3.31784e-09 0
5.49699 -5994 9.09495e-12 -3.37604e-09 0
5.499 -5994 1.09139e-11 -3.43425e-09 0
5.501 -5994 -1.45519e-11 -3.43425e-09 0
5.50301 -5994 -7.27596e-12 -3.37604e-09 0
5.50501 -5994 -2.00089e-11 -3.31784e-09 0
5.50701 -5994 -2.54659e-11 -3.37604e-09 0
5.50902 -5994 -3.45608e-11 -3.43425e-09 0
5.51102 -5994 -4.18368e-11 -3.43425e-09 0
5.51303 -5994 -4.18368e-11 -3.37604e-09 0
5.51503 -5994 -4.72937e-11 -3.37604e-09 0
5.51703 -5994 -6.18456e-11 -3.37604e-09 0
5.51904 -5994 -6.36646e-11 -3.43425e-09 0
5.52104 -5994 -7.82165e-11 -3.31784e-09 0
5.52305 -5994 -8.36735e-11 -3.43425e-09 0
5.52505 -5994 -8.54925e-11 -3.43425e-09 0
5.52705 -5994 -1.00044e-10 -3.31784e-09 0
5.52906 -5994 -9.64064e-11 -3.37604e-09 0
5.53106 -5994 -1.16415e-10 -3.49246e-09 0
5.53307 -5994 -1.12777e-10 -3.43425e-09 0
5.53507 -5994 -1.34605e-10 -3.37604e-09 0
5.53707 -5994 -1.27329e-10 -3.37604e-09 0
5.53908 -5994 -1.34605e-10 -3.25963e-09 0
5.54108 -5994 -1.34605e-10 -3.25963e-09 0
5.54309 -5994 -1.52795e-10 -3.25963e-09 0
5.54509 -5994 -1.56433e-10 -3.25963e-09 0
5.54709 -5994 -1.60071e-10 -3.31784e-09 0
5.5491 -5994 -1.70985e-10 -3.31784e-09 0
5.5511 -5994 -1.67347e-10 -3.31784e-09 0
5.55311 -5994 -1.78261e-10 -3.37604e-09 0
5.55511 -5994 -1.89175e-10 -3.37604e-09 0
5.55711 -5994 -2.34357e-10 4.53656e-09 0
5.55912 -5994 -2.3369e-10 4.43652e-09 0
5.56112 -5994 -2.21561e-10 4.39468e-09 0
5.56313 -5994 -2.12793e-10 4.42378e-09 0
5.56513 -5994 -1.92756e-10 4.3874e-09 0
5.56713 -5994 -1.94007e-10 4.46016e-09 0
5.56914 -5994 -1.81956e-10 4.49654e-09 0
5.57114 -5994 -1.68029e-10 4.51109e-09 0
5.57315 -5994 -1.64505e-10 4.46744e-09 0
5.57515 -5994 -1.41881e-10 4.36557e-09 0
5.57715 -5994 -1.59503e-10 4.24916e-09 0
5.57916 -5994 -1.4461e-10 4.32192e-09 0
5.58116 -5994 -1.39835e-10 4.45289e-09 0
5.58317 -5994 -1.20053e-10 4.29281e-09 0
5.58517 -5994 -1.12777e-10 4.29281e-09 0
5.58717 -5994 -1.06411e-10 4.42378e-09 0
5.58918 -5994 -9.95897e-11 4.51109e-09 0
5.59118 -5994 -7.86713e-11 4.39468e-09 0
5.59319 -5994 -8.59472e-11 4.39468e-09 0
5.59519 -5994 -6.50289e-11 4.42378e-09 0
5.59719 -5994 -5.72982e-11 4.39468e-09 0
5.5992 -5994 -5.63887e-11 4.42378e-09 0
5.6012 -5994 -3.54703e-11 4.39468e-09 0
5.60321 -5994 -3.36513e-11 4.45289e-09 0
5.60521 -5994 -3.18323e-11 4.33647e-09 0
5.60721 -5994 -1.90994e-11 4.30737e-09 0
5.60922 -5994 -9.09495e-12 4.36557e-09 0
5.61122 -5994 -3.63798e-12 4.36557e-09 0
5.61323 -5994 0 4.39468e-09 0
5.61523 -5994 2.63753e-11 4.42378e-09 0
5.61723 -5994 2.36469e-11 4.42378e-09 0
5.61924 -5994 3.63798e-11 4.42378e-09 0
5.62124 -5994 4.00178e-11 4.36557e-09 0
5.62325 -5994 4.91127e-11 4.36557e-09 0
5.62525 -5994 5.45697e-11 4.36557e-09 0
5.62725 -5994 7.63976e-11 4.24916e-09 0
5.62926 -5994 8.36735e-11 4.36557e-09 0
5.63126 -5994 7.27596e-11 4.36557e-09 0
5.63327 -5994 9.09495e-11 4.36557e-09 0
5.63527 -5994 1.12777e-10 4.30737e-09 0
5.63727 -5994 1.12777e-10 4.48199e-09 0
5.63928 -5994 1.23691e-10 4.42378e-09 0
5.64128 -5994 1.437e-10 4.30737e-09 0
5.64329 -5994 1.34605e-10 4.30737e-09 0
5.64529 -5994 1.60071e-10 4.36557e-09 0
5.64729 -5994 1.49157e-10 4.24916e-09 0
5.6493 -5994 1.74623e-10 4.30737e-09 0
5.6513 -5994 1.81899e-10 4.48199e-09 0
5.65331 -5994 1.85537e-10 4.48199e-09 0
5.65531 -5994 1.89175e-10 4.48199e-09 0
5.65731 -5994 1.85537e-10 4.48199e-09 0
5.65932 -5994 2.14641e-10 4.42378e-09 0
5.66132 -5994 2.18279e-10 4.42378e-09 0
5.66333 -5994 2.36469e-10 4.42378e-09 0
5.66533 -5994 2.32831e-10 4.36557e-09 0
5.66733 -5994 1.85623e-10 -3.24144e-09 0
5.66934 -5994 1.83828e-10 -3.34148e-09 0
5.67134 -5994 1.75348e-10 -3.30692e-09 0
5.67335 -5994 1.66878e-10 -3.17596e-09 0
5.67535 -5994 1.57996e-10 -3.31784e-09 0
5.67735 -5994 1.50152e-10 -3.35422e-09 0
5.67936 -5994 1.50067e-10 -3.46336e-09 0
5.68136 -5994 1.51829e-10 -3.4197e-09 0
5.68337 -5994 1.30512e-10 -3.28873e-09 0
5.68537 -5994 1.28011e-10 -3.36149e-09 0
5.68737 -5994 1.11186e-10 -3.3906e-09 0
5.68938 -5994 1.09367e-10 -3.37604e-09 0
5.69138 -5994 1.07775e-10 -3.36149e-09 0
5.69339 -5994 9.07221e-11 -3.31784e-09 0
5.69539 -5994 9.004e-11 -3.43425e-09 0
5.69739 -5994 8.00355e-11 -3.37604e-09 0
5.6994 -5994 8.6402e-11 -3.40515e-09 0
5.7014 -5994 6.54836e-11 -3.37604e-09 0
5.70341 -5994 6.23004e-11 -3.40515e-09 0
5.70541 -5994 6.32099e-11 -3.34694e-09 0
5.70741 -5994 5.91172e-11 -3.34694e-09 0
5.70942 -5994 3.91083e-11 -3.40515e-09 0
5.71142 -5994 4.18368e-11 -3.37604e-09 0
5.71343 -5994 3.00133e-11 -3.40515e-09 0
5.71543 -5994 2.45564e-11 -3.46336e-09 0
5.71743 -5994 2.18279e-11 -3.46336e-09 0
5.71944 -5994 1.63709e-11 -3.40515e-09 0
5.72144 -5994 1.36424e-11 -3.43425e-09 0
5.72345 -5994 -1.09139e-11 -3.40515e-09 0
5.72545 -5994 -1.54614e-11 -3.37604e-09 0
5.72745 -5994 -2.54659e-11 -3.43425e-09 0
5.72946 -5994 -1.45519e-11 -3.37604e-09 0
5.73146 -5994 -2.72848e-11 -3.37604e-09 0
5.73347 -5994 -4.36557e-11 -3.43425e-09 0
5.73547 -5994 -6.00267e-11 -3.43425e-09 0
5.73747 -5994 -4.54747e-11 -3.43425e-09 0
5.73948 -5994 -5.82077e-11 -3.37604e-09 0
5.74148 -5994 -5.45697e-11 -3.37604e-09 0
5.74349 -5994 -6.91216e-11 -3.37604e-09 0
5.74549 -5994 -7.63976e-11 -3.43425e-09 0
5.74749 -5994 -8.73115e-11 -3.37604e-09 0
5.7495 -5994 -9.45874e-11 -3.43425e-09 0
5.7515 -5994 -1.01863e-10 -3.43425e-09 0
5.75351 -5994 -1.09139e-10 -3.31784e-09 0
5.75551 -5994 -1.23691e-10 -3.37604e-09 0
5.75752 -5994 -1.27329e-10 -3.37604e-09 0
5.75952 -5994 -1.23691e-10 -3.31784e-09 0
5.76152 -5994 -1.38243e-10 -3.20142e-09 0
5.76353 -5994 -1.38243e-10 -3.49246e-09 0
5.76553 -5994 -1.45519e-10 -3.37604e-09 0
5.76754 -5994 -1.49157e-10 -3.31784e-09 0
5.76954 -5994 -1.52795e-10 -3.20142e-09 0
5.77154 -5994 -1.70985e-10 -3.31784e-09 0
5.77355 -5994 -1.81899e-10 -3.31784e-09 0
5.77555 -5994 -1.85537e-10 -3.25963e-09 0
5.77756 -5994 -1.85537e-10 -3.31784e-09 0
5.77956 -5994 -2.32136e-10 4.40104e-09 0
5.78156 -5994 -2.33207e-10 4.53292e-09 0
5.78357 -5994 -2.12552e-10 4.56566e-09 0
5.78557 -5994 -2.12992e-10 4.40923e-09 0
5.78758 -5994 -1.98355e-10 4.42378e-09 0
5.78958 -5994 -1.92586e-10 4.40195e-09 0
5.79158 -5994 -1.88265e-10 4.47471e-09 0
5.79359 -5994 -1.79284e-10 4.51109e-09 0
5.79559 -5994 -1.5973e-10 4.35102e-09 0
5.7976 -5994 -1.54273e-10 4.39468e-09 0
5.7996 -5994 -1.38243e-10 4.40923e-09 0
5.8016 -5994 -1.46656e-10 4.30737e-09 0
5.80361 -5994 -1.2551e-10 4.43833e-09 0
5.80561 -5994 -1.24601e-10 4.48199e-09 0
5.80762 -5994 -1.17097e-10 4.35102e-09 0
5.80962 -5994 -1.02318e-10 4.36557e-09 0
5.81162 -5994 -1.01409e-10 4.36557e-09 0
5.81363 -5994 -8.59472e-11 4.39468e-09 0
5.81563 -5994 -8.50378e-11 4.36557e-09 0
5.81764 -5994 -6.91216e-11 4.33647e-09 0
5.81964 -5994 -5.22959e-11 4.39468e-09 0
5.82164 -5994 -5.18412e-11 4.36557e-09 0
5.82365 -5994 -3.54703e-11 4.36557e-09 0
5.82565 -5994 -3.63798e-11 4.36557e-09 0
5.82766 -5994 -2.45564e-11 4.39468e-09 0
5.82966 -5994 -1.27329e-11 4.33647e-09 0
5.83166 -5994 -6.36646e-12 4.36557e-09 0
5.83367 -5994 4.54747e-12 4.36557e-09 0
5.83567 -5994 1.81899e-11 4.33647e-09 0
5.83768 -5994 1.27329e-11 4.30737e-09 0
5.83968 -5994 2.72848e-11 4.42378e-09 0
5.84168 -5994 4.00178e-11 4.36557e-09 0
5.84369 -5994 4.54747e-11 4.36557e-09 0
5.84569 -5994 5.09317e-11 4.36557e-09 0
5.8477 -5994 5.82077e-11 4.36557e-09 0
5.8497 -5994 7.27596e-11 4.48199e-09 0
5.8517 -5994 9.27685e-11 4.42378e-09 0
5.85371 -5994 9.27685e-11 4.30737e-09 0
5.85571 -5994 9.45874e-11 4.36557e-09 0
5.85772 -5994 1.14596e-10 4.42378e-09 0
5.85972 -5994 1.14596e-10 4.30737e-09 0
5.86172 -5994 1.20053e-10 4.48199e-09 0
5.86373 -5994 1.40062e-10 4.42378e-09 0
5.86573 -5994 1.45519e-10 4.24916e-09 0
5.86774 -5994 1.52795e-10 4.36557e-09 0
5.86974 -5994 1.49157e-10 4.36557e-09 0
5.87174 -5994 1.74623e-10 4.5402e-09 0
5.87375 -5994 1.81899e-10 4.36557e-09 0
5.87575 -5994 1.89175e-10 4.48199e-09 0
5.87776 -5994 1.92813e-10 4.36557e-09 0
5.87976 -5994 2.11003e-10 4.42378e-09 0
5.88176 -5994 2.18279e-10 4.42378e-09 0
5.88377 -5994 2.21917e-10 4.42378e-09 0
5.88577 -5994 2.25555e-10 4.48199e-09 0
5.88778 -5994 2.29193e-10 4.5402e-09 0
5.88978 -5994 1.7332 3891.9 4.36963e+06
5.89178 -5993.98 18.3069 12648.7 4.36963e+06
5.89379 -5993.91 52.4292 21405.4 4.36963e+06
5.89579 -5993.76 104.1 30162.2 4.36963e+06
5.8978 -5993.49 173.32 38919 4.36963e+06
5.8998 -5993.05 260.088 47675.7 4.36963e+06
5.9018 -5992.43 364.405 56432.5 4.36963e+06
5.90381 -5991.58 486.27 65189.3 4.36963e+06
5.90581 -5990.47 625.684 73946 4.36963e+06
5.90782 -5989.06 782.647 82702.8 4.36963e+06
5.90982 -5987.32 957.159 91459.6 4.36963e+06
5.91182 -5985.21 1149.22 100216 4.36963e+06
5.91383 -5982.7 1358.83 108973 4.36963e+06
5.91583 -5979.76 1585.98 117730 4.36963e+06
5.91784 -5976.34 1830.69 126487 4.36963e+06
5.91984 -5972.41 2092.94 135243 4.36963e+06
5.92184 -5967.94 2372.75 144000 4.36963e+06
5.92385 -5962.89 2670.1 152757 4.36963e+06
5.92585 -5957.22 2985 161514 4.36963e+06
5.92786 -5950.91 3317.45 170270 4.36963e+06
5.92986 -5943.91 3667.45 179027 4.36963e+06
5.93186 -5936.2 4034.99 187784 4.36963e+06
5.93387 -5927.73 4420.09 196541 4.36963e+06
5.93587 -5918.47 4822.73 205298 4.36963e+06
5.93788 -5908.39 5242.92 214054 4.36963e+06
5.93988 -5897.45 5680.66 222811 4.36963e+06
5.94188 -5885.61 6135.95 231568 4.36963e+06
5.94389 -5872.84 6608.79 240325 4.36963e+06
5.94589 -5859.11 7099.18 249081 4.36963e+06
5.9479 -5844.38 7607.11 257838 4.36963e+06
5.9499 -5828.61 8132.6 266595 4.36963e+06
5.9519 -5811.77 8675.63 275352 4.36963e+06
5.95391 -5793.82 9236.21 284108 4.36963e+06
5.95591 -5774.74 9814.34 292865 4.36963e+06
5.95792 -5754.48 10410 301622 4.36963e+06
5.95992 -5733 11023.2 310379 4.36963e+06
5.96192 -5710.28 11654 319135 4.36963e+06
5.96393 -5686.28 12302.3 327892 4.36963e+06
5.96593 -5660.96 12968.2 336649 4.36963e+06
5.96794 -5634.29 13651.6 345406 4.36963e+06
5.96994 -5606.24 14352.6 354163 4.36963e+06
5.97194 -5576.76 15071.1 362919 4.36963e+06
5.97395 -5545.82 15807.2 371676 4.36963e+06
5.97595 -5513.39 16560.8 380433 4.36963e+06
5.97796 -5479.43 17332 389190 4.36963e+06
5.97996 -5443.91 18120.7 397946 4.36963e+06
5.98196 -5406.79 18927 406703 4.36963e+06
5.98397 -5368.04 19750.8 415460 4.36963e+06
5.98597 -5327.62 20592.1 424217 4.36963e+06
5.98798 -5285.49 21451 432973 4.36963e+06
5.98998 -5241.63 22327.5 441730 4.36963e+06
5.99198 -5195.99 23221.5 450487 4.36963e+06
5.99399 -5148.55 24133 459244 4.36963e+06
5.99599 -5099.26 25062.1 468000 4.36963e+06
5.998 -5048.09 26008.8 476757 4.36963e+06
6 -4995 26973 485514 4.36963e+06
