5.1 -5.89823e+13
5.10201 -5.89824e+13
5.10401 -5.89824e+13
5.10602 -5.89825e+13
5.10803 -5.89825e+13
5.11003 -5.89826e+13
5.11204 -5.89826e+13
5.11405 -5.89827e+13
5.11605 -5.89827e+13
5.11806 -5.89828e+13
5.12007 -5.89828e+13
5.12207 -5.89828e+13
5.12408 -5.89829e+13
5.12609 -5.89829e+13
5.12809 -5.8983e+13
5.1301 -5.8983e+13
5.13211 -5.89831e+13
5.13411 -5.89831e+13
5.13612 -5.89832e+13
5.13813 -5.89832e+13
5.14013 -5.89833e+13
5.14214 -5.89833e+13
5.14415 -5.89833e+13
5.14615 -5.89834e+13
5.14816 -5.89834e+13
5.15017 -5.89835e+13
5.15217 -5.89835e+13
5.15418 -5.89836e+13
5.15619 -5.89836e+13
5.15819 -5.89837e+13
5.1602 -5.89837e+13
5.16221 -5.89838e+13
5.16421 -5.89838e+13
5.16622 -5.89838e+13
5.16823 -5.89839e+13
5.17023 -5.89839e+13
5.17224 -5.8984e+13
5.17425 -5.8984e+13
5.17625 -5.89841e+13
5.17826 -5.89841e+13
5.18027 -5.89842e+13
5.18227 -5.89842e+13
5.18428 -5.89843e+13
5.18629 -5.89843e+13
5.18829 -5.89843e+13
5.1903 -5.89844e+13
5.19231 -5.89844e+13
5.19431 -5.89845e+13
5.19632 -5.89845e+13
5.19833 -5.89846e+13
5.20033 -5.89846e+13
5.20234 -5.89847e+13
5.20435 -5.89847e+13
5.20635 -5.89848e+13
5.20836 -5.89848e+13
5.21037 -5.89848e+13
5.21237 -5.89849e+13
5.21438 -5.89849e+13
5.21639 -5.8985e+13
5.21839 -5.8985e+13
5.2204 -5.89851e+13
5.22241 -5.89851e+13
5.22441 -5.89852e+13
5.22642 -5.89852e+13
5.22843 -5.89853e+13
5.23043 -5.89853e+13
5.23244 -5.89853e+13
5.23445 -5.89854e+13
5.23645 -5.89854e+13
5.23846 -5.89855e+13
5.24047 -5.89855e+13
5.24247 -5.89856e+13
5.24448 -5.89856e+13
5.24649 -5.89857e+13
5.24849 -5.89857e+13
5.2505 -5.89858e+13
5.25251 -5.89858e+13
5.25452 -5.89858e+13
5.25652 -5.89859e+13
5.25853 -5.89859e+13
5.26054 -5.8986e+13
5.26254 -5.8986e+13
5.26455 -5.89861e+13
5.26656 -5.89861e+13
5.26856 -5.89862e+13
5.27057 -5.89862e+13
5.27258 -5.89863e+13
5.27458 -5.89863e+13
5.27659 -5.89863e+13
5.2786 -5.89864e+13
5.2806 -5.89864e+13
5.28261 -5.89865e+13
5.28462 -5.89865e+13
5.28662 -5.89866e+13
5.28863 -5.89866e+13
5.29064 -5.89867e+13
5.29264 -5.89867e+13
5.29465 -5.89868e+13
5.29666 -5.89868e+13
5.29866 -5.89868e+13
5.30067 -5.89869e+13
5.30268 -5.89869e+13
5.30468 -5.8987e+13
5.30669 -5.8987e+13
5.3087 -5.89871e+13
5.3107 -5.89871e+13
5.31271 -5.89872e+13
5.31472 -5.89872e+13
5.31672 -5.89873e+13
5.31873 -5.89873e+13
5.32074 -5.89873e+13
5.32274 -5.89874e+13
5.32475 -5.89874e+13
5.32676 -5.89875e+13
5.32876 -5.89875e+13
5.33077 -5.89876e+13
5.33278 -5.89876e+13
5.33478 -5.89877e+13
5.33679 -5.89877e+13
5.3388 -5.89878e+13
5.3408 -5.89878e+13
5.34281 -5.89878e+13
5.34482 -5.89879e+13
5.34682 -5.89879e+13
5.34883 -5.8988e+13
5.35084 -5.8988e+13
5.35284 -5.89881e+13
5.35485 -5.89881e+13
5.35686 -5.89882e+13
5.35886 -5.89882e+13
5.36087 -5.89883e+13
5.36288 -5.89883e+13
5.36488 -5.89883e+13
5.36689 -5.89884e+13
5.3689 -5.89884e+13
5.3709 -5.89885e+13
5.37291 -5.89885e+13
5.37492 -5.89886e+13
5.37692 -5.89886e+13
5.37893 -5.89887e+13
5.38094 -5.89887e+13
5.38294 -5.89888e+13
5.38495 -5.89888e+13
5.38696 -5.89888e+13
5.38896 -5.89889e+13
5.39097 -5.89889e+13
5.39298 -5.8989e+13
5.39498 -5.8989e+13
5.39699 -5.89891e+13
5.399 -5.89891e+13
5.401 -5.89892e+13
5.40301 -5.89892e+13
5.40502 -5.89893e+13
5.40702 -5.89893e+13
5.40903 -5.89893e+13
5.41104 -5.89894e+13
5.41304 -5.89894e+13
5.41505 -5.89895e+13
5.41706 -5.89895e+13
5.41906 -5.89896e+13
5.42107 -5.89896e+13
5.42308 -5.89897e+13
5.42508 -5.89897e+13
5.42709 -5.89898e+13
5.4291 -5.89898e+13
5.4311 -5.89898e+13
5.43311 -5.89899e+13
5.43512 -5.89899e+13
5.43712 -5.899e+13
5.43913 -5.899e+13
5.44114 -5.89901e+13
5.44314 -5.89901e+13
5.44515 -5.89902e+13
5.44716 -5.89902e+13
5.44916 -5.89903e+13
5.45117 -5.89903e+13
5.45318 -5.89903e+13
5.45518 -5.89904e+13
5.45719 -5.89904e+13
5.4592 -5.89905e+13
5.4612 -5.89905e+13
5.46321 -5.89906e+13
5.46522 -5.89906e+13
5.46722 -5.89907e+13
5.46923 -5.89907e+13
5.47124 -5.89908e+13
5.47324 -5.89908e+13
5.47525 -5.89908e+13
5.47726 -5.89909e+13
5.47926 -5.89909e+13
5.48127 -5.8991e+13
5.48328 -5.8991e+13
5.48528 -5.89911e+13
5.48729 -5.89911e+13
5.4893 -5.89912e+13
5.4913 -5.89912e+13
5.49331 -5.89913e+13
5.49532 -5.89913e+13
5.49732 -5.89913e+13
5.49933 -5.89914e+13
5.50134 -5.89914e+13
5.50334 -5.89915e+13
5.50535 -5.89915e+13
5.50736 -5.89916e+13
5.50936 -5.89916e+13
5.51137 -5.89917e+13
5.51338 -5.89917e+13
5.51538 -5.89918e+13
5.51739 -5.89918e+13
5.5194 -5.89918e+13
5.5214 -5.89919e+13
5.52341 -5.89919e+13
5.52542 -5.8992e+13
5.52742 -5.8992e+13
5.52943 -5.89921e+13
5.53144 -5.89921e+13
5.53344 -5.89922e+13
5.53545 -5.89922e+13
5.53746 -5.89923e+13
5.53946 -5.89923e+13
5.54147 -5.89923e+13
5.54348 -5.89924e+13
5.54548 -5.89924e+13
5.54749 -5.89925e+13
5.5495 -5.89925e+13
5.55151 -5.89926e+13
5.55351 -5.89926e+13
5.55552 -5.89927e+13
5.55753 -5.89927e+13
5.55953 -5.89928e+13
5.56154 -5.89928e+13
5.56355 -5.89928e+13
5.56555 -5.89929e+13
5.56756 -5.89929e+13
5.56957 -5.8993e+13
5.57157 -5.8993e+13
5.57358 -5.89931e+13
5.57559 -5.89931e+13
5.57759 -5.89932e+13
5.5796 -5.89932e+13
5.58161 -5.89933e+13
5.58361 -5.89933e+13
5.58562 -5.89933e+13
5.58763 -5.89934e+13
5.58963 -5.89934e+13
5.59164 -5.89935e+13
5.59365 -5.89935e+13
5.59565 -5.89936e+13
5.59766 -5.89936e+13
5.59967 -5.89937e+13
5.60167 -5.89937e+13
5.60368 -5.89938e+13
5.60569 -5.89938e+13
5.60769 -5.89938e+13
5.6097 -5.89939e+13
5.61171 -5.89939e+13
5.61371 -5.8994e+13
5.61572 -5.8994e+13
5.61773 -5.89941e+13
5.61973 -5.89941e+13
5.62174 -5.89942e+13
5.62375 -5.89942e+13
5.62575 -5.89943e+13
5.62776 -5.89943e+13
5.62977 -5.89943e+13
5.63177 -5.89944e+13
5.63378 -5.89944e+13
5.63579 -5.89945e+13
5.63779 -5.89945e+13
5.6398 -5.89946e+13
5.64181 -5.89946e+13
5.64381 -5.89947e+13
5.64582 -5.89947e+13
5.64783 -5.89948e+13
5.64983 -5.89948e+13
5.65184 -5.89948e+13
5.65385 -5.89949e+13
5.65585 -5.89949e+13
5.65786 -5.8995e+13
5.65987 -5.8995e+13
5.66187 -5.89951e+13
5.66388 -5.89951e+13
5.66589 -5.89952e+13
5.66789 -5.89952e+13
5.6699 -5.89953e+13
5.67191 -5.89953e+13
5.67391 -5.89953e+13
5.67592 -5.89954e+13
5.67793 -5.89954e+13
5.67993 -5.89955e+13
5.68194 -5.89955e+13
5.68395 -5.89956e+13
5.68595 -5.89956e+13
5.68796 -5.89957e+13
5.68997 -5.89957e+13
5.69197 -5.89958e+13
5.69398 -5.89958e+13
5.69599 -5.89958e+13
5.69799 -5.89959e+13
5.7 -5.89959e+13
