2 115.082
2.08081 173.792
2.16162 233.882
2.24242 295.757
2.32323 359.833
2.40404 426.531
2.48485 496.283
2.56566 569.527
2.64646 646.71
2.72727 728.287
2.80808 814.722
2.88889 906.485
2.9697 1004.06
3.05051 1107.92
3.13131 1218.58
3.21212 1336.54
3.29293 1462.3
3.37374 1596.39
3.45455 1739.33
3.53535 1891.67
3.61616 2053.94
3.69697 2226.71
3.77778 2410.52
3.85859 2605.95
3.93939 2813.58
4.0202 3033.99
4.10101 3267.77
4.18182 3515.53
4.26263 3777.88
4.34343 4055.43
4.42424 4348.81
4.50505 4658.65
4.58586 4985.6
4.66667 5330.3
4.74747 5693.41
4.82828 6075.61
4.90909 6477.56
4.9899 6899.95
5.07071 7343.47
5.15152 7808.81
5.23232 8296.7
5.31313 8807.83
5.39394 9342.93
5.47475 9902.74
5.55556 10488
5.63636 11099.4
5.71717 11737.8
5.79798 12403.9
5.87879 13098.5
5.9596 13822.4
6.0404 14576.3
6.12121 15361.1
6.20202 16177.5
6.28283 17026.4
6.36364 17908.5
6.44444 18824.8
6.52525 19776.1
6.60606 20763.1
6.68687 21786.8
6.76768 22848.1
6.84848 23947.7
6.92929 25086.5
7.0101 26265.6
7.09091 27485.6
7.17172 28747.6
7.25253 30052.5
7.33333 31401.1
7.41414 32794.5
7.49495 34233.5
7.57576 35719
7.65657 37252.1
7.73737 38833.7
7.81818 40464.7
7.89899 42146.2
7.9798 43879.1
8.06061 45664.4
8.14141 47503.1
8.22222 49396.2
8.30303 51344.8
8.38384 53349.8
8.46465 55412.3
8.54545 57533.4
8.62626 59714
8.70707 61955.2
8.78788 64258.2
8.86869 66623.9
8.94949 69053.5
9.0303 71548
9.11111 74108.6
9.19192 76736.3
9.27273 79432.3
9.35354 82197.6
9.43434 85033.5
9.51515 87941
9.59596 90921.3
9.67677 93975.6
9.75758 97105
9.83838 100311
9.91919 103594
10 106956
